150000000000000000000000000000000000000000000000049
150000000000000000000000000000000000000000000000157
150000000000000000000000000000000000000000000000251
150000000000000000000000000000000000000000000000583
150000000000000000000000000000000000000000000000689
150000000000000000000000000000000000000000000000973
150000000000000000000000000000000000000000000001051
150000000000000000000000000000000000000000000001273
150000000000000000000000000000000000000000000001459
150000000000000000000000000000000000000000000001699
150000000000000000000000000000000000000000000001783
150000000000000000000000000000000000000000000002159
150000000000000000000000000000000000000000000002201
150000000000000000000000000000000000000000000002309
150000000000000000000000000000000000000000000002399
150000000000000000000000000000000000000000000002597
150000000000000000000000000000000000000000000003013
150000000000000000000000000000000000000000000003101
150000000000000000000000000000000000000000000003319
150000000000000000000000000000000000000000000003353
150000000000000000000000000000000000000000000003391
150000000000000000000000000000000000000000000003409
150000000000000000000000000000000000000000000003517
150000000000000000000000000000000000000000000003521
150000000000000000000000000000000000000000000003547
150000000000000000000000000000000000000000000003653
150000000000000000000000000000000000000000000003769
150000000000000000000000000000000000000000000003817
150000000000000000000000000000000000000000000003907
150000000000000000000000000000000000000000000004009
150000000000000000000000000000000000000000000004067
150000000000000000000000000000000000000000000004159
150000000000000000000000000000000000000000000004207
150000000000000000000000000000000000000000000005173
150000000000000000000000000000000000000000000005309
150000000000000000000000000000000000000000000005423
150000000000000000000000000000000000000000000005473
150000000000000000000000000000000000000000000005519
150000000000000000000000000000000000000000000005689
150000000000000000000000000000000000000000000005789
150000000000000000000000000000000000000000000005857
150000000000000000000000000000000000000000000005893
150000000000000000000000000000000000000000000005927
150000000000000000000000000000000000000000000006371
150000000000000000000000000000000000000000000006443
150000000000000000000000000000000000000000000006719
150000000000000000000000000000000000000000000007003
150000000000000000000000000000000000000000000007127
150000000000000000000000000000000000000000000007217
150000000000000000000000000000000000000000000007439
150000000000000000000000000000000000000000000007469
150000000000000000000000000000000000000000000007531
150000000000000000000000000000000000000000000007681
150000000000000000000000000000000000000000000007699
150000000000000000000000000000000000000000000007717
150000000000000000000000000000000000000000000007733
150000000000000000000000000000000000000000000007873
150000000000000000000000000000000000000000000008009
150000000000000000000000000000000000000000000008039
150000000000000000000000000000000000000000000008189
150000000000000000000000000000000000000000000008293
150000000000000000000000000000000000000000000008377
150000000000000000000000000000000000000000000008423
150000000000000000000000000000000000000000000008519
150000000000000000000000000000000000000000000008567
150000000000000000000000000000000000000000000008933
150000000000000000000000000000000000000000000008993
150000000000000000000000000000000000000000000009313
150000000000000000000000000000000000000000000009347
150000000000000000000000000000000000000000000009569
150000000000000000000000000000000000000000000009589
150000000000000000000000000000000000000000000009731
150000000000000000000000000000000000000000000009737
150000000000000000000000000000000000000000000009887
150000000000000000000000000000000000000000000009943
150000000000000000000000000000000000000000000009961
150000000000000000000000000000000000000000000010087
150000000000000000000000000000000000000000000010171
150000000000000000000000000000000000000000000010303
150000000000000000000000000000000000000000000010423
150000000000000000000000000000000000000000000010459
150000000000000000000000000000000000000000000010591
150000000000000000000000000000000000000000000010687
150000000000000000000000000000000000000000000010741
150000000000000000000000000000000000000000000010853
150000000000000000000000000000000000000000000010937
150000000000000000000000000000000000000000000011033
150000000000000000000000000000000000000000000011227
150000000000000000000000000000000000000000000011413
150000000000000000000000000000000000000000000011429
150000000000000000000000000000000000000000000011467
150000000000000000000000000000000000000000000011651
150000000000000000000000000000000000000000000011669
150000000000000000000000000000000000000000000011761
150000000000000000000000000000000000000000000012791
150000000000000000000000000000000000000000000012847
150000000000000000000000000000000000000000000012883
150000000000000000000000000000000000000000000013141
150000000000000000000000000000000000000000000013163
150000000000000000000000000000000000000000000013337
150000000000000000000000000000000000000000000013471
